12	-20	10	15	30	5	51	62000000	125000000
-20	27	2129	2026	2107	2102	2163	2302	2273	2339	2332	2214	2310	2366	2256	2260	2325	2454	1222	1204	1232	1247	1294	1315	1275	1282	1253	1244	1279	1371	1514	1222	1336	1431	1490	1516	1584	1688	1782	1779	1582	1559	1523	1571	1553	1482	1474	1529	1618	1587	1514	1543	1631
-20	25	2086	1992	2071	2088	2140	2248	2248	2284	2280	2209	2248	2348	2239	2271	2307	2451	1228	1236	1238	1262	1330	1347	1318	1315	1292	1303	1353	1455	1523	1220	1362	1445	1461	1498	1553	1671	1752	1743	1543	1498	1522	1591	1552	1511	1494	1551	1626	1588	1518	1548	1656
-20	20	2218	2092	2178	2179	2185	2357	2281	2392	2372	2206	2357	2421	2301	2248	2383	2450	1189	1209	1224	1252	1277	1312	1272	1261	1265	1269	1327	1396	1542	1242	1352	1426	1492	1510	1573	1678	1748	1733	1541	1508	1596	1618	1613	1536	1509	1609	1660	1625	1555	1599	1681
-20	15	2152	2056	2116	2141	2194	2326	2308	2365	2356	2236	2314	2384	2284	2280	2346	2465	1181	1191	1195	1233	1293	1311	1274	1274	1280	1277	1295	1397	1559	1263	1390	1456	1504	1515	1575	1700	1789	1782	1564	1529	1599	1624	1595	1567	1542	1605	1616	1652	1597	1602	1695
-20	10	2173	2065	2147	2154	2192	2350	2313	2372	2373	2256	2343	2434	2288	2297	2406	2488	1230	1232	1247	1278	1293	1321	1315	1303	1290	1290	1329	1426	1613	1292	1393	1457	1534	1558	1595	1720	1780	1764	1545	1517	1589	1648	1613	1543	1532	1592	1649	1620	1562	1550	1707
-20	5	2111	1985	2071	2022	2073	2254	2173	2277	2267	2144	2245	2331	2212	2185	2288	2390	1136	1155	1161	1196	1267	1263	1280	1307	1287	1240	1250	1372	1529	1266	1367	1440	1514	1519	1573	1663	1801	1773	1613	1563	1544	1621	1620	1532	1510	1583	1638	1637	1609	1586	1654
-20	0	2152	2067	2152	2151	2167	2330	2260	2348	2292	2204	2317	2382	2253	2243	2353	2451	1189	1206	1236	1278	1281	1302	1394	1419	1360	1276	1249	1415	1564	1333	1380	1491	1576	1553	1586	1698	1817	1791	1662	1599	1626	1653	1673	1602	1571	1612	1670	1682	1649	1674	1704
-20	-5	2136	2027	2092	2098	2129	2287	2259	2301	2296	2242	2304	2371	2266	2299	2371	2469	790	858	752	503	426	461	915	816	524	399	801	1466	1606	1128	1267	1382	1413	1292	1123	1118	1381	1858	1775	2053	2279	2321	2291	2307	2287	2288	2302	2241	2168	2282	2665
-20	-10	2106	2012	2133	2074	2155	2285	2266	2323	2283	2223	2323	2350	2258	2328	2374	2504	789	879	785	538	435	468	957	874	560	412	785	1477	1596	1162	1291	1380	1389	1280	1109	1096	1385	1860	1756	2064	2324	2324	2275	2239	2280	2323	2322	2237	2142	2268	2669
-20	-15	1502	1512	1568	1531	1587	1741	1709	1788	1764	1647	1801	1833	1724	1750	1814	1886	766	804	752	496	372	408	900	862	537	353	712	1422	1577	1122	1258	1359	1346	1251	1055	1055	1344	1820	1744	2037	2279	2358	2300	2265	2302	2312	2294	2239	2186	2284	2651
-20	-20	1632	1661	1702	1692	1742	1876	1837	1881	1881	1740	1876	1932	1785	1827	1938	2069	819	876	823	592	427	415	1000	997	646	405	743	1557	1601	1226	1353	1439	1405	1280	1153	1099	1342	1834	1758	2070	2395	2438	2342	2262	2330	2359	2358	2281	2246	2305	2657
-20	-25	1651	1784	1739	1739	1768	1906	1873	1918	1909	1785	1918	1961	1857	1866	1849	2116	961	1057	994	754	615	662	1147	1083	753	632	1009	1687	1781	1351	1505	1610	1655	1529	1368	1355	1657	2161	2058	2392	2609	2672	2691	2634	2641	2677	2720	2702	2634	2799	3124
-20	-30	1504	1653	1712	1697	1736	1903	1815	1893	1865	1760	1891	1938	1856	1945	1986	2074	949	947	964	707	650	715	1152	1088	791	671	1031	1703	1845	1420	1563	1673	1673	1559	1371	1383	1642	2118	2052	2381	2630	2747	2692	2622	2658	2743	2799	2709	2641	2771	3148
-20	-35	1612	1775	1726	1698	1784	1924	1855	1922	1855	1786	1940	1981	1884	1952	2072	2139	983	1041	986	786	611	649	1153	1130	812	615	951	1689	1809	1386	1548	1632	1651	1492	1343	1366	1658	2138	2105	2402	2701	2838	2780	2707	2674	2713	2736	2743	2729	2821	3189
-20	-40	1591	1739	1714	1675	1715	1870	1836	1871	1832	1752	1942	1945	1832	1823	2161	2116	954	1011	997	779	610	620	1133	1167	904	616	885	1732	1825	1390	1516	1653	1655	1486	1330	1374	1650	2105	2114	2405	2673	2839	2744	2649	2657	2706	2770	2740	2681	2814	3213
-10	27	1818	1750	1812	1812	1863	1979	1943	1999	1993	1896	1980	2034	1931	1941	2010	2114	1118	1099	1113	1135	1164	1185	1154	1154	1132	1136	1165	1228	1349	1107	1216	1284	1339	1359	1414	1493	1576	1555	1400	1377	1370	1406	1388	1349	1322	1369	1465	1425	1383	1396	1471
-10	25	1786	1710	1787	1795	1856	1934	1903	1949	1968	1883	1927	2016	1919	1955	1982	2118	1126	1113	1120	1157	1200	1221	1200	1191	1177	1207	1242	1311	1361	1111	1228	1297	1333	1354	1401	1474	1554	1538	1373	1333	1352	1422	1396	1350	1335	1401	1472	1436	1381	1394	1485
-10	20	1846	1790	1881	1878	1877	2008	1935	2046	2005	1889	2007	2098	1995	1933	2043	2112	1098	1100	1106	1131	1173	1191	1157	1145	1141	1171	1204	1256	1365	1133	1222	1285	1342	1343	1405	1497	1544	1525	1377	1346	1412	1456	1459	1397	1344	1443	1505	1464	1411	1426	1525
-10	15	1840	1783	1836	1877	1894	2007	1957	2020	1995	1893	2008	2069	1944	1961	2011	2121	1089	1100	1088	1122	1183	1218	1162	1175	1151	1166	1187	1274	1389	1140	1246	1321	1362	1371	1412	1489	1581	1580	1391	1369	1439	1468	1433	1399	1387	1431	1459	1484	1464	1469	1536
-10	10	1876	1784	1857	1869	1867	2020	1982	2029	2025	1935	2012	2084	1976	1957	2077	2153	1130	1114	1141	1152	1187	1197	1195	1189	1174	1182	1215	1281	1427	1166	1253	1321	1376	1409	1434	1515	1576	1554	1385	1361	1417	1471	1471	1397	1390	1429	1471	1461	1416	1409	1544
-10	5	1798	1696	1787	1746	1789	1935	1874	1947	1946	1820	1925	2004	1913	1906	1979	2070	1042	1067	1074	1097	1167	1164	1182	1185	1169	1146	1145	1241	1375	1162	1232	1316	1358	1372	1410	1497	1583	1559	1429	1392	1393	1465	1445	1391	1357	1414	1490	1490	1446	1425	1521
-10	0	1848	1798	1861	1871	1880	1996	1954	2001	1980	1894	1979	2066	1944	1949	2026	2114	1098	1106	1131	1168	1178	1201	1267	1281	1233	1170	1156	1287	1405	1216	1253	1348	1429	1394	1417	1503	1593	1574	1485	1426	1471	1481	1494	1406	1399	1431	1494	1510	1475	1526	1556
-10	-5	1821	1760	1801	1793	1829	1955	1954	1956	1997	1925	2001	2050	1964	1996	2038	2142	782	830	749	551	487	501	898	795	567	461	808	1360	1448	1075	1170	1253	1313	1170	1035	1055	1302	1701	1617	1850	2022	2082	2037	2042	2021	2024	2024	1989	1954	2040	2412
-10	-10	1796	1748	1849	1789	1879	1965	1947	1969	1975	1914	2025	2007	1951	1996	2051	2197	786	859	786	560	463	506	918	852	589	476	813	1394	1447	1109	1201	1289	1294	1185	1043	1040	1297	1690	1603	1869	2047	2073	2032	1956	2019	2061	2064	1995	1952	2044	2372
-10	-15	1297	1323	1364	1354	1404	1515	1497	1553	1551	1452	1560	1611	1518	1553	1580	1673	758	804	750	529	429	461	873	823	560	434	752	1319	1419	1047	1177	1257	1237	1127	994	1015	1240	1663	1603	1824	2024	2087	2045	2016	2016	2043	2064	2002	1987	2048	2370
-10	-20	1402	1450	1501	1469	1502	1632	1599	1634	1624	1512	1647	1687	1568	1594	1698	1816	797	857	802	602	470	474	956	970	664	471	776	1429	1452	1148	1247	1320	1283	1178	1055	1031	1258	1685	1616	1855	2120	2158	2071	2023	2071	2089	2089	2047	2012	2096	2368
-10	-25	1455	1547	1522	1539	1532	1663	1616	1646	1625	1533	1652	1716	1593	1523	1608	1837	924	930	941	764	622	686	1074	1013	736	657	967	1549	1576	1249	1367	1500	1496	1404	1276	1267	1525	1951	1856	2131	2301	2373	2371	2316	2334	2356	2401	2413	2359	2479	2790
-10	-30	1341	1358	1499	1475	1535	1635	1583	1638	1618	1516	1644	1704	1610	1740	1737	1820	921	990	946	704	685	722	1070	1019	776	692	1019	1550	1662	1297	1416	1514	1506	1406	1254	1276	1528	1931	1868	2130	2339	2427	2387	2317	2361	2417	2488	2447	2397	2482	2823
-10	-35	1388	1565	1512	1504	1574	1677	1594	1664	1618	1549	1683	1735	1643	1619	1816	1878	931	991	942	782	624	665	1092	1078	803	637	942	1535	1621	1284	1410	1488	1487	1352	1231	1266	1523	1935	1906	2142	2371	2487	2437	2384	2363	2390	2427	2450	2458	2529	2849
-10	-40	1353	1516	1508	1471	1502	1611	1587	1607	1574	1518	1673	1712	1615	1572	1887	1850	917	959	941	760	630	642	1072	1104	861	636	872	1566	1625	1279	1394	1520	1501	1364	1240	1282	1503	1910	1932	2139	2377	2508	2432	2346	2346	2382	2466	2462	2425	2534	2864
0	27	1533	1483	1523	1526	1577	1668	1647	1691	1681	1603	1666	1712	1629	1621	1687	1773	923	906	908	938	958	974	946	956	928	953	960	1001	1096	902	977	1047	1100	1117	1165	1234	1296	1295	1147	1130	1114	1157	1133	1097	1089	1114	1194	1182	1134	1176	1234
0	25	1497	1462	1500	1510	1546	1623	1622	1655	1645	1578	1637	1695	1614	1639	1676	1763	917	908	921	939	993	1005	977	967	949	986	1025	1079	1125	899	1017	1068	1090	1116	1146	1217	1279	1249	1131	1098	1111	1170	1143	1124	1097	1151	1214	1201	1162	1176	1245
0	20	1558	1489	1574	1591	1563	1678	1634	1713	1694	1594	1690	1753	1656	1624	1722	1764	902	917	916	933	971	993	953	933	923	953	1004	1041	1119	920	1004	1056	1099	1106	1146	1222	1264	1254	1126	1115	1183	1195	1181	1138	1097	1190	1238	1220	1167	1187	1273
0	15	1543	1482	1533	1557	1591	1663	1652	1696	1690	1583	1694	1716	1634	1633	1682	1761	881	908	907	931	983	988	954	941	959	947	988	1035	1136	943	1005	1065	1108	1106	1141	1217	1291	1287	1132	1118	1177	1202	1167	1157	1121	1179	1194	1224	1193	1212	1284
0	10	1560	1478	1571	1569	1592	1682	1669	1703	1690	1616	1682	1747	1652	1668	1729	1785	917	913	928	962	976	1001	972	969	957	986	1014	1059	1173	966	1040	1091	1145	1145	1172	1242	1298	1273	1131	1101	1144	1201	1214	1127	1133	1177	1227	1210	1182	1178	1285
0	5	1516	1422	1494	1478	1515	1634	1569	1645	1613	1544	1628	1688	1595	1596	1687	1723	861	874	871	908	965	971	960	965	956	934	967	1032	1129	941	1020	1072	1108	1124	1163	1223	1288	1267	1176	1140	1146	1209	1194	1149	1109	1174	1236	1226	1206	1202	1274
0	0	1551	1506	1567	1569	1585	1683	1635	1689	1658	1599	1659	1721	1641	1628	1706	1796	907	909	940	966	971	984	1061	1068	1018	989	968	1068	1156	1013	1032	1128	1176	1148	1160	1247	1321	1289	1220	1170	1224	1233	1237	1185	1171	1173	1225	1263	1241	1261	1312
0	-5	1534	1487	1521	1532	1562	1653	1628	1644	1652	1626	1669	1711	1667	1678	1735	1793	635	669	601	418	361	386	738	632	440	364	670	1130	1184	873	952	1035	1061	954	830	855	1073	1414	1360	1552	1710	1754	1730	1715	1700	1701	1702	1719	1667	1745	2042
0	-10	1506	1493	1558	1504	1567	1658	1656	1687	1654	1589	1672	1689	1647	1695	1741	1826	624	672	627	440	351	409	745	687	434	377	665	1135	1189	895	976	1049	1057	968	816	834	1077	1432	1334	1555	1721	1761	1689	1648	1674	1727	1738	1676	1642	1751	2017
0	-15	1079	1103	1136	1125	1161	1271	1246	1298	1290	1190	1307	1351	1274	1299	1326	1389	608	647	611	410	347	374	717	681	449	343	613	1114	1179	859	955	1033	1021	926	792	831	1049	1383	1352	1534	1698	1754	1718	1687	1697	1712	1725	1693	1666	1749	2016
0	-20	1190	1214	1255	1220	1264	1372	1338	1357	1370	1262	1352	1434	1329	1344	1437	1498	640	690	649	496	385	362	784	789	521	381	656	1198	1204	962	1041	1090	1054	965	870	871	1050	1408	1374	1568	1782	1818	1765	1689	1731	1743	1761	1739	1730	1778	2019
0	-25	1190	1245	1286	1278	1305	1380	1371	1393	1387	1299	1381	1418	1368	1288	1335	1576	776	825	784	618	519	566	887	843	598	548	830	1283	1293	1026	1136	1227	1243	1143	1029	1045	1276	1642	1587	1809	1950	2003	2012	1947	1969	1988	2032	2075	2014	2127	2407
0	-30	1108	1128	1251	1240	1292	1368	1310	1369	1369	1281	1392	1417	1350	1373	1339	1538	750	821	779	595	540	593	894	838	663	576	846	1292	1387	1084	1195	1269	1252	1170	1048	1052	1298	1627	1591	1797	1981	2050	2024	1978	1982	2044	2124	2084	2053	2131	2405
0	-35	1190	1238	1261	1265	1297	1399	1352	1387	1361	1307	1401	1430	1378	1452	1521	1568	787	830	785	635	510	553	896	870	661	533	810	1301	1345	1059	1186	1235	1251	1126	1029	1070	1295	1657	1617	1807	2018	2122	2057	2015	1985	2035	2075	2096	2104	2166	2454
0	-40	1095	1223	1274	1217	1265	1347	1346	1379	1338	1285	1425	1457	1347	1325	1624	1552	756	805	776	620	518	524	888	909	702	539	758	1316	1350	1090	1173	1259	1269	1133	1033	1077	1293	1612	1639	1826	2004	2117	2047	1989	2011	2033	2093	2103	2085	2177	2475
10	27	1132	1093	1129	1121	1176	1239	1217	1256	1243	1189	1235	1269	1191	1199	1246	1307	671	651	657	672	688	714	688	673	651	670	705	716	781	642	710	748	778	805	839	886	908	911	805	791	797	831	825	778	775	808	881	851	842	859	876
10	25	1084	1043	1106	1121	1138	1170	1205	1174	1194	1163	1179	1223	1191	1233	1230	1314	653	646	654	667	702	716	698	676	660	712	730	771	812	632	713	767	789	790	808	852	895	885	784	771	799	827	803	778	761	804	872	844	823	839	900
10	20	1170	1101	1178	1162	1186	1256	1196	1268	1279	1185	1254	1288	1216	1210	1257	1279	642	639	672	677	725	730	691	676	693	709	739	751	798	662	729	760	796	786	827	870	896	879	791	771	930	935	908	840	803	885	930	896	864	883	945
10	15	1131	1103	1134	1165	1188	1245	1226	1253	1250	1184	1232	1269	1216	1206	1251	1307	632	651	639	677	719	716	674	668	646	702	722	743	800	671	729	768	784	794	816	860	909	890	779	778	839	863	853	813	797	853	876	906	889	881	933
10	10	1162	1083	1162	1162	1174	1261	1251	1275	1278	1211	1259	1305	1215	1223	1270	1306	670	666	685	705	718	721	700	691	695	706	745	766	842	692	729	777	814	811	824	889	916	904	788	779	835	879	861	812	798	846	889	886	842	850	940
10	5	1084	1044	1089	1019	1102	1209	1173	1228	1204	1141	1128	1223	1179	1161	1238	1278	621	616	612	617	674	666	680	666	658	663	683	733	789	667	716	749	786	790	819	855	903	886	820	789	843	835	809	771	756	836	891	895	881	845	911
10	0	1135	1119	1158	1159	1174	1269	1212	1247	1242	1198	1253	1270	1188	1219	1252	1315	650	624	666	706	698	723	777	769	747	728	727	775	834	721	752	826	865	831	832	898	928	906	869	831	874	962	919	868	844	875	919	943	916	950	933
10	-5	1134	1087	1124	1125	1163	1214	1212	1239	1229	1205	1246	1260	1234	1237	1280	1333	473	496	444	301	277	297	544	459	331	281	514	836	872	633	685	757	788	699	593	610	798	1038	1008	1132	1240	1274	1277	1260	1253	1241	1250	1263	1240	1302	1530
10	-10	1121	1078	1156	1112	1162	1210	1221	1245	1207	1186	1235	1218	1203	1242	1261	1343	464	495	463	324	274	298	545	490	325	286	515	852	877	640	714	750	784	697	607	614	787	1060	980	1136	1264	1289	1228	1192	1221	1264	1281	1258	1210	1289	1490
10	-15	767	756	814	817	822	965	955	1001	989	886	996	1005	979	989	1019	1030	465	471	440	268	195	251	536	483	315	255	456	791	826	628	693	746	725	656	535	582	742	1011	982	1113	1246	1270	1266	1232	1236	1255	1280	1253	1258	1284	1501
10	-20	886	908	928	907	949	1007	1012	1004	1013	952	1037	1082	990	1002	1076	1169	461	513	460	337	286	287	565	553	360	273	536	891	857	680	742	800	778	713	626	603	775	1031	1003	1138	1351	1369	1297	1279	1285	1296	1314	1280	1290	1340	1488
10	-25	906	1021	939	926	969	1009	1001	1040	1023	962	1048	1050	1012	916	1079	1165	573	608	596	464	356	409	643	596	432	405	611	941	964	752	825	898	910	843	746	747	936	1202	1158	1302	1430	1486	1504	1429	1463	1488	1543	1558	1554	1624	1820
10	-30	826	805	931	930	962	1022	972	1043	1022	969	1019	1057	1012	1034	1077	1147	565	598	570	423	393	432	686	614	462	436	642	963	1002	802	863	922	919	853	772	777	954	1206	1157	1338	1467	1544	1512	1463	1469	1525	1597	1570	1555	1613	1820
10	-35	839	1016	939	930	979	1048	992	1029	1044	968	1054	1074	1035	979	1140	1179	595	595	563	464	389	413	681	649	469	391	610	952	973	771	862	905	921	819	734	757	952	1221	1179	1343	1506	1575	1546	1501	1475	1521	1546	1586	1583	1646	1855
10	-40	834	1001	966	917	942	1004	1000	1025	995	960	1059	1068	1012	1054	1119	1158	557	509	579	466	384	396	649	664	515	418	566	974	979	794	862	931	920	807	736	786	956	1202	1209	1327	1487	1578	1536	1483	1490	1506	1568	1580	1567	1635	1859
20	27	721	688	715	702	732	784	773	786	778	728	768	784	737	730	765	808	372	356	357	361	363	380	350	328	330	353	385	383	390	330	370	367	387	392	410	429	427	429	347	344	350	385	352	344	334	377	436	414	414	418	450
20	25	701	670	693	672	719	744	746	752	749	737	737	770	746	746	735	821	354	351	327	338	375	370	347	327	320	384	389	393	392	314	367	364	368	378	368	397	393	401	323	308	356	379	348	350	333	383	414	423	387	403	455
20	20	705	648	722	706	720	768	744	805	756	709	777	805	750	728	780	789	344	351	344	335	364	364	337	316	322	355	386	381	385	326	372	365	377	364	381	401	398	394	311	319	378	391	383	343	328	385	418	422	375	425	455
20	15	706	669	681	713	715	788	764	795	758	706	764	780	741	729	750	787	338	338	327	356	366	380	325	320	309	346	384	374	384	331	364	373	382	377	373	412	418	428	328	324	359	387	363	346	345	383	390	427	431	440	452
20	10	717	680	709	687	729	784	778	791	791	743	775	800	722	758	786	806	375	350	362	356	375	378	354	330	331	366	391	379	416	332	367	370	377	375	389	414	416	397	332	317	354	422	399	336	340	368	423	392	398	388	482
20	5	699	645	684	655	683	747	736	767	740	707	734	756	747	724	738	769	337	345	331	334	364	358	363	334	339	355	373	378	392	343	367	377	388	388	399	404	421	412	364	353	363	406	388	340	327	394	447	447	422	430	454
20	0	714	705	725	729	735	782	773	770	750	741	776	802	715	734	744	814	359	356	364	356	357	376	387	383	353	372	377	386	395	358	377	407	407	387	392	415	425	425	378	349	387	410	396	344	347	387	428	446	392	457	466
20	-5	704	657	690	672	708	756	752	752	766	755	771	786	744	773	791	843	262	274	215	140	121	126	271	201	111	129	263	449	481	311	336	399	397	311	237	271	391	543	515	577	644	704	690	685	661	694	698	683	663	690	842
20	-10	684	683	700	697	741	762	769	767	760	726	779	752	738	778	781	845	250	273	240	138	112	136	283	249	135	130	270	466	472	334	359	389	405	342	238	253	397	551	497	582	670	677	672	649	657	686	730	706	680	721	880
20	-15	525	502	511	520	545	605	588	606	610	579	626	637	596	628	586	660	248	257	227	140	103	129	285	266	136	121	255	462	483	319	357	396	378	323	229	262	395	548	512	600	657	703	703	676	705	707	738	701	711	684	864
20	-20	575	563	577	566	620	668	642	653	636	599	666	674	604	649	693	739	249	282	267	166	123	124	326	301	162	146	281	528	474	346	389	439	407	332	287	269	398	570	526	636	712	726	695	683	698	717	734	726	716	750	855
20	-25	624	606	626	597	643	659	678	704	663	636	689	698	645	654	569	752	315	360	317	241	162	218	346	321	214	221	351	561	546	415	435	507	505	449	372	345	496	681	633	744	812	859	879	812	838	865	912	944	885	962	1093
20	-30	506	492	577	599	620	669	603	667	630	595	664	658	654	752	696	733	325	359	293	200	183	237	374	325	251	238	380	573	572	434	485	512	504	463	367	375	508	687	652	742	859	901	889	852	852	891	973	942	921	976	1077
20	-35	559	604	610	583	662	688	657	678	668	631	685	678	665	690	740	763	334	362	322	239	180	210	385	345	238	210	375	563	573	409	481	498	495	415	359	371	509	698	677	760	890	940	916	898	866	894	919	962	941	957	1110
20	-40	575	587	621	583	612	649	663	651	632	615	680	683	632	674	827	741	326	344	317	227	207	196	378	366	289	228	332	569	570	441	478	524	507	421	356	404	517	701	668	767	866	939	904	860	874	892	941	965	943	971	1120
30	27	299	290	291	282	307	340	318	324	317	303	308	315	300	294	309	335	148	126	122	137	133	135	130	123	104	134	152	139	136	127	143	132	139	138	137	155	154	146	123	119	111	125	123	105	105	127	153	165	159	165	167
30	25	307	304	275	291	293	341	307	324	320	286	332	333	299	293	288	340	135	125	123	120	150	128	117	112	100	150	151	138	137	101	129	148	125	115	118	125	123	135	92	81	124	146	116	118	105	128	154	135	136	149	151
30	20	302	255	310	296	304	320	305	325	315	285	304	323	326	287	310	310	128	138	123	112	123	138	118	95	108	118	149	141	120	103	129	115	132	98	127	138	139	135	85	110	147	117	147	110	101	130	170	129	145	179	144
30	15	262	284	274	303	291	299	307	312	279	262	312	306	286	289	298	317	108	116	108	119	138	134	94	94	96	103	142	127	116	113	114	111	111	112	126	153	131	134	82	86	115	150	108	105	76	132	96	167	135	126	152
30	10	312	282	294	291	302	325	343	334	318	327	302	332	296	305	327	349	138	128	131	135	133	129	141	102	111	131	145	131	156	114	128	116	141	131	127	145	153	139	102	93	112	158	132	92	108	129	148	126	108	110	178
30	5	290	282	299	274	298	303	295	314	316	290	306	318	313	298	304	291	118	121	126	127	148	125	140	119	123	140	153	136	132	109	139	140	133	121	141	146	142	136	126	105	114	160	131	94	108	153	151	162	167	132	162
30	0	292	287	277	292	300	326	319	318	314	313	304	340	288	300	307	325	132	132	131	126	130	143	144	138	134	133	146	142	139	117	137	143	138	117	120	148	154	155	122	101	141	157	131	123	107	137	126	140	123	151	149
30	-5	292	275	286	283	268	314	320	308	311	310	318	324	310	298	313	324	88	106	68	37	22	20	95	69	27	24	104	204	173	123	107	146	157	116	72	89	138	204	208	222	268	299	281	266	276	259	243	283	249	255	347
30	-10	286	263	299	299	309	310	328	327	319	308	296	322	271	317	317	355	90	88	70	37	16	25	102	67	12	23	90	182	191	108	130	161	154	112	71	63	134	205	196	222	286	267	252	243	240	308	299	268	245	300	321
30	-15	237	185	191	210	249	227	231	245	265	230	270	259	244	242	220	260	93	95	81	43	25	31	93	90	35	39	94	172	183	106	134	152	130	112	49	87	145	225	193	231	266	294	290	291	289	286	281	273	279	248	334
30	-20	264	231	227	214	250	273	277	259	266	273	265	263	208	229	271	292	93	105	94	27	25	33	129	101	52	49	98	194	177	123	145	186	159	97	92	84	138	235	205	258	305	301	271	261	279	292	326	265	276	281	309
30	-25	284	249	260	250	257	273	275	286	272	258	284	249	229	153	275	307	118	139	123	89	34	38	114	91	45	63	118	206	179	147	172	183	198	175	117	114	169	265	248	276	324	347	363	319	330	346	368	387	369	393	427
30	-30	167	164	239	249	258	282	238	296	278	238	257	271	259	361	298	285	110	144	113	61	67	83	117	120	78	89	143	227	232	176	173	203	148	164	118	123	204	267	243	297	336	374	363	354	322	391	425	415	357	377	429
30	-35	225	258	241	232	276	286	247	289	262	253	269	274	267	175	311	295	131	126	119	69	64	67	134	110	69	57	133	209	210	141	192	165	188	120	114	106	192	254	240	293	355	388	366	375	334	356	377	404	392	386	465
30	-40	239	242	246	250	226	254	273	267	258	226	271	265	262	266	400	298	114	128	103	82	67	60	131	115	92	71	119	210	221	155	171	199	200	145	117	146	182	257	246	302	346	395	359	345	326	354	383	392	374	382	467
40	27	0	0	0	0	0	0	0	0	0	0	0	0	0	0	0	0	0	0	0	0	0	0	0	0	0	0	0	0	0	0	0	0	0	0	0	0	0	0	0	0	0	0	0	0	0	0	0	0	0	0	0
40	25	0	0	0	0	0	0	0	0	0	0	0	0	0	0	0	0	0	0	0	0	0	0	0	0	0	0	0	0	0	0	0	0	0	0	0	0	0	0	0	0	0	0	0	0	0	0	0	0	0	0	0
40	20	0	0	0	0	0	0	0	0	0	0	0	0	0	0	0	0	0	0	0	0	0	0	0	0	0	0	0	0	0	0	0	0	0	0	0	0	0	0	0	0	0	0	0	0	0	0	0	0	0	0	0
40	15	0	0	0	0	0	0	0	0	0	0	0	0	0	0	0	0	0	0	0	0	0	0	0	0	0	0	0	0	0	0	0	0	0	0	0	0	0	0	0	0	0	0	0	0	0	0	0	0	0	0	0
40	10	0	0	0	0	0	0	0	0	0	0	0	0	0	0	0	0	0	0	0	0	0	0	0	0	0	0	0	0	0	0	0	0	0	0	0	0	0	0	0	0	0	0	0	0	0	0	0	0	0	0	0
40	5	0	0	0	0	0	0	0	0	0	0	0	0	0	0	0	0	0	0	0	0	0	0	0	0	0	0	0	0	0	0	0	0	0	0	0	0	0	0	0	0	0	0	0	0	0	0	0	0	0	0	0
40	0	0	0	0	0	0	0	0	0	0	0	0	0	0	0	0	0	0	0	0	0	0	0	0	0	0	0	0	0	0	0	0	0	0	0	0	0	0	0	0	0	0	0	0	0	0	0	0	0	0	0	0
40	-5	0	0	0	0	0	0	0	0	0	0	0	0	0	0	0	0	0	0	0	0	0	0	0	0	0	0	0	0	0	0	0	0	0	0	0	0	0	0	0	0	0	0	0	0	0	0	0	0	0	0	0
40	-10	0	0	0	0	0	0	0	0	0	0	0	0	0	0	0	0	0	0	0	0	0	0	0	0	0	0	0	0	0	0	0	0	0	0	0	0	0	0	0	0	0	0	0	0	0	0	0	0	0	0	0
40	-15	0	0	0	0	0	0	0	0	0	0	0	0	0	0	0	0	0	0	0	0	0	0	0	0	0	0	0	0	0	0	0	0	0	0	0	0	0	0	0	0	0	0	0	0	0	0	0	0	0	0	0
40	-20	0	0	0	0	0	0	0	0	0	0	0	0	0	0	0	0	0	0	0	0	0	0	0	0	0	0	0	0	0	0	0	0	0	0	0	0	0	0	0	0	0	0	0	0	0	0	0	0	0	0	0
40	-25	0	0	0	0	0	0	0	0	0	0	0	0	0	0	0	0	0	0	0	0	0	0	0	0	0	0	0	0	0	0	0	0	0	0	0	0	0	0	0	0	0	0	0	0	0	0	0	0	0	0	0
40	-30	0	0	0	0	0	0	0	0	0	0	0	0	0	0	0	0	0	0	0	0	0	0	0	0	0	0	0	0	0	0	0	0	0	0	0	0	0	0	0	0	0	0	0	0	0	0	0	0	0	0	0
40	-35	0	0	0	0	0	0	0	0	0	0	0	0	0	0	0	0	0	0	0	0	0	0	0	0	0	0	0	0	0	0	0	0	0	0	0	0	0	0	0	0	0	0	0	0	0	0	0	0	0	0	0
40	-40	0	0	0	0	0	0	0	0	0	0	0	0	0	0	0	0	0	0	0	0	0	0	0	0	0	0	0	0	0	0	0	0	0	0	0	0	0	0	0	0	0	0	0	0	0	0	0	0	0	0	0
50	27	-482	-466	-485	-485	-501	-503	-508	-525	-515	-508	-529	-535	-514	-524	-533	-555	-372	-373	-370	-361	-392	-402	-388	-365	-373	-383	-402	-411	-390	-372	-383	-407	-401	-391	-388	-399	-420	-412	-402	-414	-419	-412	-415	-406	-402	-442	-422	-415	-390	-380	-442
50	25	-478	-458	-482	-473	-496	-503	-495	-517	-499	-490	-523	-496	-516	-513	-539	-504	-388	-384	-390	-401	-402	-411	-394	-368	-390	-393	-404	-407	-401	-389	-390	-376	-379	-384	-397	-403	-426	-406	-388	-400	-415	-437	-415	-401	-381	-426	-444	-428	-425	-413	-457
50	20	-475	-495	-483	-471	-476	-509	-506	-506	-526	-510	-504	-512	-483	-526	-529	-573	-387	-381	-402	-392	-406	-411	-381	-385	-379	-406	-384	-402	-422	-387	-403	-406	-390	-413	-413	-417	-412	-420	-397	-404	-416	-451	-419	-392	-405	-407	-409	-432	-424	-418	-483
50	15	-496	-478	-502	-442	-480	-492	-509	-522	-522	-527	-524	-533	-492	-553	-549	-550	-401	-390	-394	-366	-397	-387	-403	-406	-398	-424	-411	-422	-432	-396	-419	-414	-412	-412	-431	-431	-442	-450	-420	-439	-436	-452	-448	-440	-437	-431	-490	-423	-425	-466	-496
50	10	-478	-492	-479	-480	-523	-505	-509	-514	-523	-499	-535	-530	-497	-493	-498	-527	-383	-397	-384	-412	-398	-396	-381	-384	-379	-395	-412	-416	-424	-405	-429	-431	-428	-413	-431	-442	-428	-435	-417	-439	-465	-435	-434	-410	-442	-460	-455	-469	-444	-476	-462
50	5	-473	-464	-468	-470	-487	-499	-512	-514	-505	-499	-529	-496	-490	-490	-509	-550	-391	-402	-394	-396	-393	-389	-395	-391	-370	-393	-383	-409	-407	-400	-409	-408	-390	-391	-415	-437	-438	-436	-428	-444	-441	-442	-438	-431	-435	-424	-440	-431	-430	-446	-478
50	0	-496	-463	-478	-490	-498	-494	-510	-521	-533	-490	-548	-521	-529	-546	-552	-555	-389	-406	-407	-410	-417	-429	-412	-416	-402	-411	-407	-413	-416	-390	-415	-417	-398	-423	-431	-443	-444	-424	-447	-452	-449	-469	-463	-445	-421	-430	-490	-453	-469	-422	-454
50	-5	-470	-491	-535	-480	-518	-513	-526	-547	-522	-506	-551	-528	-508	-481	-563	-505	-408	-407	-393	-334	-306	-329	-378	-379	-316	-328	-416	-491	-491	-430	-459	-455	-445	-425	-388	-409	-494	-541	-533	-596	-638	-634	-617	-626	-588	-621	-657	-627	-600	-617	-665
50	-10	-486	-480	-494	-462	-489	-538	-524	-526	-540	-471	-521	-537	-519	-530	-529	-512	-374	-408	-383	-333	-316	-313	-389	-375	-335	-335	-406	-499	-494	-447	-465	-472	-459	-440	-415	-432	-498	-577	-562	-632	-626	-665	-641	-634	-624	-625	-640	-610	-595	-609	-726
50	-15	-426	-467	-480	-444	-456	-493	-481	-477	-491	-455	-489	-500	-504	-484	-524	-537	-394	-395	-375	-321	-288	-323	-389	-362	-318	-315	-383	-486	-476	-444	-447	-455	-461	-422	-405	-408	-479	-540	-560	-593	-650	-663	-625	-613	-624	-627	-637	-632	-593	-625	-683
50	-20	-435	-465	-508	-496	-491	-472	-485	-508	-492	-473	-534	-507	-512	-521	-523	-532	-427	-425	-387	-369	-335	-324	-398	-402	-339	-303	-405	-523	-503	-461	-483	-462	-461	-432	-403	-420	-443	-557	-542	-598	-639	-638	-646	-635	-605	-644	-610	-661	-618	-620	-707
50	-25	-463	-462	-472	-471	-498	-494	-506	-489	-503	-484	-528	-542	-519	-640	-670	-519	-427	-421	-411	-356	-383	-376	-452	-432	-388	-354	-440	-531	-569	-510	-513	-514	-477	-454	-416	-500	-531	-611	-586	-691	-722	-718	-715	-715	-680	-744	-712	-701	-704	-722	-809
50	-30	-489	-460	-485	-444	-469	-479	-508	-488	-500	-484	-507	-531	-477	-505	-504	-530	-408	-403	-392	-376	-331	-330	-434	-406	-356	-348	-431	-526	-519	-476	-479	-496	-508	-445	-436	-493	-501	-606	-595	-634	-700	-707	-675	-678	-667	-709	-703	-706	-690	-710	-791
50	-35	-452	-382	-485	-477	-471	-489	-530	-495	-487	-482	-524	-528	-494	-499	-631	-558	-413	-423	-419	-372	-338	-365	-430	-413	-366	-359	-414	-526	-523	-471	-490	-524	-486	-467	-429	-467	-535	-618	-596	-669	-670	-691	-697	-653	-701	-687	-717	-726	-715	-730	-773
50	-40	-490	-469	-466	-471	-496	-503	-505	-521	-493	-491	-502	-516	-505	-515	-542	-533	-426	-526	-412	-377	-335	-337	-440	-454	-397	-354	-429	-550	-537	-486	-497	-529	-493	-466	-436	-440	-541	-608	-613	-646	-745	-698	-706	-692	-694	-721	-711	-721	-727	-707	-775
60	27	-723	-710	-739	-730	-774	-789	-789	-812	-792	-763	-813	-830	-802	-809	-829	-854	-457	-463	-454	-453	-495	-489	-469	-420	-449	-493	-513	-537	-556	-501	-539	-525	-479	-491	-513	-536	-533	-517	-469	-496	-505	-521	-477	-453	-447	-540	-545	-511	-501	-487	-582
60	25	-743	-738	-747	-733	-749	-811	-802	-869	-826	-755	-843	-834	-795	-757	-839	-821	-456	-446	-455	-444	-477	-478	-441	-414	-439	-436	-463	-478	-471	-426	-448	-440	-434	-437	-458	-477	-491	-482	-418	-448	-525	-536	-494	-444	-452	-514	-524	-515	-487	-498	-570
60	20	-656	-662	-659	-666	-755	-757	-786	-758	-777	-773	-765	-780	-779	-786	-805	-864	-479	-461	-451	-457	-478	-478	-438	-422	-410	-440	-454	-491	-512	-434	-472	-474	-445	-464	-488	-485	-479	-481	-436	-450	-440	-500	-447	-419	-426	-442	-464	-463	-444	-450	-550
60	15	-682	-654	-710	-658	-719	-761	-762	-775	-784	-757	-750	-760	-800	-771	-831	-844	-425	-418	-416	-416	-425	-413	-424	-407	-391	-423	-414	-436	-451	-411	-431	-422	-406	-429	-449	-458	-473	-466	-427	-452	-490	-479	-457	-429	-452	-469	-539	-445	-428	-489	-531
60	10	-697	-725	-719	-715	-764	-779	-774	-840	-786	-775	-828	-820	-796	-793	-808	-849	-434	-449	-429	-437	-468	-459	-411	-409	-400	-420	-429	-456	-487	-429	-457	-457	-428	-443	-456	-478	-467	-473	-424	-467	-493	-494	-459	-435	-451	-480	-514	-494	-484	-530	-542
60	5	-663	-706	-729	-751	-784	-778	-775	-817	-796	-795	-843	-818	-775	-808	-834	-846	-480	-493	-481	-478	-488	-483	-472	-476	-443	-464	-464	-492	-511	-475	-469	-477	-477	-483	-484	-505	-528	-515	-475	-503	-552	-523	-481	-492	-468	-494	-514	-509	-452	-502	-535
60	0	-661	-659	-676	-647	-743	-756	-787	-810	-801	-752	-825	-792	-800	-823	-832	-857	-476	-527	-492	-485	-507	-499	-494	-484	-455	-448	-460	-508	-508	-468	-489	-483	-468	-494	-513	-521	-524	-505	-523	-533	-504	-518	-492	-464	-441	-482	-534	-490	-493	-458	-539
60	-5	-678	-681	-747	-676	-761	-767	-736	-780	-791	-730	-811	-809	-796	-781	-816	-812	-450	-482	-458	-351	-299	-323	-446	-414	-303	-323	-471	-625	-667	-526	-569	-566	-551	-514	-431	-476	-599	-750	-675	-828	-900	-877	-878	-852	-811	-869	-924	-882	-814	-877	-963
60	-10	-731	-712	-738	-704	-766	-807	-788	-813	-809	-753	-822	-857	-813	-842	-869	-848	-484	-510	-467	-359	-309	-331	-486	-430	-349	-352	-489	-687	-660	-545	-579	-604	-578	-504	-459	-493	-622	-784	-748	-850	-920	-950	-922	-887	-877	-960	-929	-899	-857	-901	-1029
60	-15	-607	-672	-689	-709	-744	-779	-751	-776	-754	-757	-777	-823	-766	-775	-839	-826	-505	-543	-477	-382	-340	-343	-508	-454	-364	-346	-523	-695	-683	-590	-604	-632	-632	-557	-521	-500	-641	-784	-784	-891	-942	-969	-915	-914	-859	-899	-916	-892	-831	-914	-1012
60	-20	-615	-671	-712	-695	-738	-749	-742	-758	-755	-730	-781	-785	-766	-787	-799	-831	-503	-530	-519	-445	-327	-351	-554	-516	-412	-331	-501	-721	-697	-588	-625	-638	-604	-563	-499	-534	-640	-769	-787	-881	-912	-921	-891	-912	-891	-908	-891	-882	-840	-869	-1016
60	-25	-641	-601	-718	-733	-757	-781	-765	-786	-753	-745	-784	-828	-786	-785	-960	-835	-509	-549	-521	-406	-385	-404	-546	-487	-415	-366	-542	-720	-765	-601	-664	-658	-633	-557	-488	-580	-725	-882	-813	-966	-1057	-1075	-1014	-1041	-989	-1083	-1085	-1048	-1037	-1061	-1189
60	-30	-680	-717	-742	-703	-754	-774	-806	-803	-758	-727	-796	-849	-790	-804	-817	-863	-511	-535	-511	-432	-392	-392	-540	-504	-387	-379	-536	-698	-725	-613	-642	-665	-670	-585	-536	-579	-690	-871	-826	-933	-1042	-1041	-1020	-1001	-1012	-1056	-1061	-1054	-1015	-1073	-1194
60	-35	-665	-631	-733	-724	-719	-788	-815	-796	-772	-730	-834	-826	-798	-809	-963	-873	-510	-554	-542	-439	-377	-403	-559	-523	-409	-368	-532	-739	-736	-639	-646	-684	-652	-617	-540	-572	-704	-859	-832	-957	-1017	-1050	-1015	-983	-1036	-1023	-1064	-1063	-1044	-1085	-1154
60	-40	-674	-733	-727	-711	-773	-816	-792	-803	-797	-774	-830	-818	-800	-843	-758	-884	-544	-567	-528	-448	-399	-417	-576	-565	-447	-376	-527	-776	-746	-648	-683	-710	-667	-632	-543	-569	-719	-880	-880	-979	-1088	-1079	-1048	-1036	-1044	-1081	-1082	-1084	-1069	-1091	-1180
70	27	-1056	-1080	-1115	-1113	-1153	-1186	-1203	-1225	-1211	-1163	-1235	-1249	-1219	-1226	-1277	-1287	-639	-650	-634	-646	-689	-691	-657	-614	-638	-673	-704	-745	-784	-694	-775	-733	-694	-708	-745	-775	-750	-759	-690	-731	-736	-744	-697	-638	-659	-762	-778	-728	-720	-720	-836
70	25	-1053	-1057	-1117	-1105	-1134	-1176	-1174	-1206	-1225	-1132	-1175	-1248	-1219	-1150	-1235	-1217	-633	-614	-628	-631	-656	-665	-617	-580	-577	-592	-629	-642	-660	-584	-612	-606	-593	-611	-667	-688	-690	-688	-620	-632	-703	-773	-729	-654	-665	-743	-768	-728	-702	-731	-799
70	20	-955	-1023	-999	-1001	-1126	-1150	-1190	-1177	-1177	-1150	-1189	-1218	-1181	-1217	-1205	-1278	-658	-653	-674	-664	-698	-704	-661	-626	-606	-650	-664	-679	-721	-626	-677	-665	-643	-680	-698	-737	-740	-717	-651	-677	-605	-681	-588	-524	-558	-601	-628	-594	-582	-618	-718
70	15	-992	-991	-1034	-1003	-1106	-1117	-1122	-1168	-1188	-1128	-1147	-1199	-1154	-1144	-1207	-1219	-593	-579	-601	-585	-600	-607	-593	-576	-556	-592	-598	-621	-673	-569	-609	-596	-594	-636	-657	-683	-686	-676	-620	-644	-673	-642	-639	-591	-586	-656	-737	-612	-606	-657	-752
70	10	-1029	-1059	-1088	-1079	-1145	-1190	-1175	-1236	-1217	-1149	-1237	-1246	-1216	-1183	-1222	-1253	-627	-640	-623	-633	-637	-639	-601	-597	-581	-596	-600	-640	-709	-636	-639	-653	-625	-642	-671	-708	-682	-698	-649	-656	-721	-700	-655	-661	-644	-705	-720	-696	-676	-735	-765
70	5	-926	-1020	-1071	-1016	-1136	-1202	-1216	-1230	-1202	-1142	-1163	-1221	-1179	-1204	-1244	-1261	-661	-673	-622	-631	-643	-655	-664	-644	-598	-609	-629	-661	-699	-637	-666	-664	-648	-665	-677	-725	-757	-737	-680	-724	-706	-759	-746	-721	-683	-710	-748	-739	-683	-730	-774
70	0	-1000	-992	-1019	-1007	-1126	-1150	-1181	-1202	-1197	-1147	-1233	-1228	-1204	-1216	-1258	-1303	-662	-683	-722	-723	-695	-709	-741	-719	-670	-665	-674	-724	-751	-679	-708	-710	-693	-710	-767	-792	-806	-762	-748	-779	-690	-714	-661	-614	-596	-663	-723	-689	-637	-640	-736
70	-5	-982	-1025	-1073	-1042	-1115	-1169	-1153	-1204	-1165	-1125	-1185	-1213	-1183	-1168	-1230	-1265	-696	-746	-679	-554	-463	-473	-662	-604	-462	-475	-697	-953	-980	-795	-855	-883	-847	-769	-691	-730	-926	-1126	-1092	-1255	-1327	-1358	-1323	-1273	-1263	-1304	-1367	-1281	-1254	-1274	-1461
70	-10	-1059	-1091	-1099	-1079	-1160	-1216	-1176	-1241	-1204	-1166	-1280	-1261	-1230	-1239	-1281	-1267	-726	-768	-718	-545	-480	-500	-723	-677	-519	-496	-725	-1020	-1001	-823	-884	-913	-874	-784	-714	-774	-951	-1174	-1130	-1280	-1397	-1416	-1375	-1346	-1318	-1363	-1408	-1368	-1263	-1334	-1571
70	-15	-876	-979	-1036	-1011	-1094	-1241	-1205	-1252	-1221	-1171	-1267	-1264	-1236	-1214	-1319	-1336	-768	-799	-728	-547	-419	-512	-754	-676	-538	-504	-735	-1016	-1015	-862	-922	-947	-896	-812	-729	-753	-962	-1155	-1174	-1305	-1419	-1453	-1418	-1359	-1351	-1408	-1387	-1353	-1271	-1392	-1534
70	-20	-943	-1040	-1082	-1112	-1173	-1153	-1179	-1219	-1192	-1149	-1200	-1245	-1201	-1228	-1280	-1314	-755	-796	-780	-665	-497	-552	-820	-784	-603	-527	-805	-1061	-1034	-912	-964	-979	-936	-859	-784	-835	-986	-1211	-1214	-1356	-1367	-1343	-1315	-1281	-1309	-1327	-1326	-1301	-1247	-1275	-1456
70	-25	-986	-1030	-1163	-1134	-1194	-1238	-1235	-1220	-1213	-1147	-1244	-1304	-1269	-1280	-1292	-1335	-793	-853	-807	-628	-614	-621	-848	-761	-634	-583	-845	-1089	-1143	-940	-1004	-1033	-991	-898	-812	-920	-1116	-1335	-1288	-1468	-1567	-1627	-1544	-1566	-1528	-1599	-1611	-1573	-1526	-1566	-1806
70	-30	-1058	-1103	-1144	-1111	-1179	-1206	-1241	-1224	-1211	-1159	-1231	-1290	-1227	-1147	-1304	-1338	-798	-838	-785	-667	-604	-619	-817	-762	-615	-588	-838	-1107	-1138	-936	-977	-1030	-1031	-913	-858	-937	-1085	-1332	-1310	-1433	-1602	-1608	-1545	-1515	-1537	-1610	-1624	-1570	-1529	-1586	-1807
70	-35	-1077	-1115	-1168	-1122	-1182	-1236	-1267	-1274	-1232	-1190	-1304	-1318	-1241	-1384	-1334	-1372	-808	-887	-827	-679	-595	-639	-864	-810	-637	-587	-812	-1133	-1116	-982	-992	-1049	-993	-948	-856	-921	-1118	-1355	-1326	-1488	-1604	-1601	-1595	-1545	-1585	-1616	-1626	-1624	-1583	-1630	-1757
70	-40	-1067	-1165	-1157	-1153	-1223	-1282	-1292	-1294	-1270	-1224	-1285	-1315	-1281	-1314	-1256	-1398	-849	-881	-836	-715	-610	-619	-891	-874	-699	-601	-842	-1181	-1153	-1004	-1050	-1092	-1038	-957	-870	-931	-1151	-1370	-1384	-1505	-1688	-1673	-1624	-1591	-1610	-1655	-1633	-1644	-1612	-1633	-1777
80	27	-1398	-1433	-1495	-1485	-1561	-1599	-1626	-1675	-1631	-1566	-1645	-1664	-1635	-1649	-1709	-1731	-835	-845	-838	-847	-893	-911	-868	-798	-799	-857	-903	-950	-1015	-887	-973	-928	-878	-919	-964	-1004	-1000	-1000	-918	-946	-976	-997	-915	-867	-862	-990	-1008	-953	-938	-956	-1089
80	25	-1379	-1407	-1506	-1491	-1521	-1577	-1583	-1619	-1634	-1519	-1613	-1661	-1612	-1559	-1661	-1674	-823	-807	-809	-818	-826	-860	-810	-746	-756	-783	-817	-850	-864	-782	-815	-806	-801	-814	-888	-932	-921	-918	-817	-858	-966	-1002	-960	-869	-881	-974	-992	-951	-923	-932	-1019
80	20	-1309	-1389	-1419	-1376	-1540	-1589	-1605	-1616	-1601	-1550	-1599	-1622	-1582	-1628	-1660	-1720	-865	-853	-870	-863	-893	-902	-858	-798	-794	-823	-844	-874	-934	-804	-861	-872	-834	-878	-918	-954	-951	-948	-854	-881	-839	-890	-788	-730	-736	-809	-874	-794	-793	-825	-944
80	15	-1311	-1394	-1423	-1376	-1476	-1542	-1547	-1606	-1581	-1509	-1555	-1605	-1564	-1586	-1624	-1649	-793	-772	-796	-789	-815	-797	-790	-754	-748	-773	-773	-802	-874	-758	-811	-793	-775	-826	-867	-895	-908	-896	-829	-868	-896	-907	-857	-816	-831	-879	-932	-859	-836	-893	-999
80	10	-1377	-1444	-1450	-1464	-1543	-1578	-1588	-1642	-1642	-1536	-1650	-1650	-1608	-1574	-1656	-1743	-814	-835	-814	-821	-837	-829	-806	-775	-757	-781	-804	-837	-900	-806	-841	-845	-812	-846	-877	-925	-942	-933	-863	-886	-970	-963	-869	-855	-841	-954	-943	-923	-862	-959	-1023
80	5	-1237	-1387	-1438	-1415	-1554	-1604	-1605	-1653	-1606	-1519	-1548	-1629	-1559	-1611	-1676	-1699	-857	-880	-833	-828	-840	-859	-863	-831	-782	-791	-803	-874	-918	-824	-861	-865	-854	-867	-897	-969	-996	-966	-918	-951	-951	-1021	-990	-923	-886	-938	-951	-950	-928	-973	-1032
80	0	-1305	-1360	-1425	-1425	-1541	-1549	-1584	-1650	-1609	-1548	-1670	-1664	-1630	-1650	-1670	-1696	-880	-890	-920	-913	-912	-920	-950	-927	-870	-838	-867	-932	-955	-872	-916	-928	-903	-922	-963	-1019	-1048	-997	-982	-1028	-933	-926	-889	-830	-791	-881	-939	-925	-881	-897	-1017
80	-5	-1289	-1382	-1465	-1390	-1527	-1569	-1553	-1631	-1568	-1505	-1603	-1656	-1567	-1597	-1648	-1689	-969	-1018	-947	-739	-653	-691	-912	-849	-655	-668	-970	-1282	-1328	-1066	-1143	-1186	-1144	-1050	-922	-1003	-1239	-1533	-1467	-1684	-1802	-1806	-1761	-1723	-1697	-1752	-1817	-1714	-1642	-1722	-1926
80	-10	-1370	-1461	-1504	-1456	-1549	-1614	-1632	-1674	-1630	-1573	-1659	-1659	-1637	-1673	-1721	-1711	-1009	-1050	-991	-764	-694	-721	-991	-911	-721	-688	-996	-1348	-1346	-1126	-1200	-1208	-1177	-1088	-973	-1043	-1326	-1596	-1495	-1729	-1829	-1888	-1804	-1755	-1760	-1849	-1841	-1764	-1697	-1783	-2052
80	-15	-1216	-1340	-1442	-1434	-1480	-1673	-1649	-1679	-1676	-1607	-1696	-1683	-1673	-1652	-1770	-1752	-1048	-1074	-1006	-769	-641	-732	-1011	-929	-740	-704	-1004	-1350	-1355	-1156	-1217	-1255	-1210	-1081	-1003	-1026	-1296	-1563	-1589	-1743	-1905	-1936	-1861	-1800	-1788	-1840	-1822	-1797	-1713	-1811	-1992
80	-20	-1351	-1474	-1518	-1490	-1584	-1611	-1609	-1666	-1599	-1576	-1646	-1704	-1693	-1709	-1700	-1774	-1059	-1101	-1054	-898	-712	-769	-1091	-1050	-814	-724	-1090	-1405	-1367	-1211	-1285	-1294	-1246	-1145	-1078	-1125	-1318	-1625	-1602	-1767	-1851	-1824	-1794	-1781	-1760	-1818	-1725	-1711	-1651	-1726	-1877
80	-25	-1377	-1514	-1573	-1556	-1633	-1676	-1646	-1686	-1676	-1616	-1697	-1745	-1713	-1723	-1891	-1769	-1107	-1256	-1110	-884	-829	-861	-1099	-1012	-857	-788	-1126	-1462	-1497	-1281	-1330	-1375	-1319	-1232	-1102	-1222	-1504	-1790	-1703	-1977	-2056	-2128	-2066	-2065	-2019	-2133	-2123	-2065	-2035	-2080	-2306
80	-30	-1430	-1614	-1561	-1530	-1591	-1639	-1693	-1671	-1643	-1605	-1685	-1709	-1674	-1603	-1769	-1806	-1077	-1220	-1077	-908	-821	-853	-1117	-1021	-847	-807	-1124	-1472	-1498	-1269	-1334	-1391	-1366	-1253	-1151	-1255	-1479	-1766	-1735	-1927	-2101	-2136	-2061	-2005	-2058	-2149	-2152	-2098	-2021	-2078	-2325
80	-35	-1427	-1466	-1598	-1556	-1634	-1692	-1707	-1706	-1667	-1621	-1763	-1749	-1700	-1765	-1829	-1865	-1095	-1191	-1127	-947	-836	-874	-1157	-1092	-887	-835	-1105	-1515	-1491	-1315	-1352	-1405	-1349	-1300	-1192	-1246	-1518	-1790	-1775	-1996	-2144	-2149	-2121	-2069	-2092	-2111	-2148	-2140	-2092	-2152	-2318
80	-40	-1474	-1492	-1599	-1573	-1669	-1730	-1699	-1744	-1706	-1640	-1762	-1771	-1733	-1779	-1731	-1877	-1164	-1198	-1127	-989	-857	-883	-1196	-1170	-947	-828	-1138	-1551	-1517	-1338	-1391	-1452	-1393	-1271	-1188	-1261	-1545	-1796	-1827	-2012	-2207	-2206	-2171	-2100	-2134	-2158	-2156	-2174	-2120	-2160	-2335
90	27	-1720	-1820	-1894	-1864	-1945	-2004	-2030	-2080	-2049	-1965	-2066	-2102	-2036	-2056	-2137	-2182	-1038	-1037	-1019	-1040	-1087	-1083	-1052	-968	-981	-1034	-1076	-1137	-1204	-1056	-1160	-1132	-1087	-1107	-1173	-1226	-1210	-1219	-1128	-1200	-1200	-1234	-1125	-1085	-1041	-1198	-1232	-1161	-1151	-1190	-1303
90	25	-1700	-1789	-1901	-1862	-1913	-1977	-1997	-2066	-2073	-1923	-2035	-2079	-2046	-1987	-2080	-2096	-1036	-1015	-1016	-1011	-1044	-1066	-1016	-939	-949	-956	-1023	-1044	-1070	-946	-1013	-989	-985	-1002	-1074	-1131	-1155	-1140	-1055	-1091	-1195	-1257	-1163	-1078	-1072	-1221	-1205	-1159	-1139	-1171	-1264
90	20	-1651	-1739	-1817	-1771	-1966	-1979	-2035	-2018	-2052	-1961	-2000	-2042	-2016	-2037	-2041	-2151	-1071	-1065	-1081	-1075	-1102	-1113	-1042	-979	-969	-1015	-1039	-1069	-1157	-988	-1054	-1063	-1030	-1075	-1141	-1186	-1177	-1179	-1065	-1138	-1094	-1155	-1018	-954	-984	-1066	-1090	-1036	-1019	-1062	-1206
90	15	-1636	-1764	-1818	-1791	-1895	-1968	-1966	-2060	-2023	-1927	-2014	-2023	-1999	-1981	-2087	-2148	-982	-986	-993	-988	-1017	-1011	-994	-945	-910	-961	-965	-1006	-1100	-955	-1023	-999	-985	-1025	-1105	-1136	-1169	-1152	-1066	-1134	-1169	-1184	-1088	-1014	-1057	-1154	-1204	-1085	-1051	-1146	-1258
90	10	-1701	-1845	-1864	-1885	-1969	-1992	-2059	-2089	-2039	-1978	-2094	-2082	-2038	-2044	-2077	-2198	-1032	-1052	-1040	-1051	-1057	-1053	-982	-948	-950	-977	-989	-1038	-1137	-999	-1051	-1065	-1027	-1055	-1124	-1168	-1167	-1179	-1098	-1157	-1237	-1204	-1141	-1097	-1086	-1186	-1189	-1150	-1140	-1218	-1281
90	5	-1598	-1771	-1825	-1800	-1953	-1993	-2048	-2097	-2046	-1968	-2000	-2091	-2018	-2048	-2124	-2160	-1071	-1090	-1042	-1047	-1056	-1066	-1077	-1020	-985	-988	-982	-1054	-1145	-1029	-1068	-1074	-1055	-1067	-1127	-1197	-1221	-1230	-1172	-1236	-1233	-1291	-1222	-1187	-1133	-1216	-1225	-1208	-1172	-1232	-1292
90	0	-1662	-1751	-1822	-1786	-1957	-1976	-2046	-2072	-2050	-1987	-2107	-2064	-2025	-2063	-2127	-2142	-1090	-1115	-1145	-1146	-1135	-1139	-1173	-1145	-1081	-1024	-1056	-1135	-1191	-1086	-1116	-1155	-1124	-1140	-1198	-1273	-1270	-1249	-1250	-1312	-1212	-1204	-1157	-1096	-1071	-1137	-1232	-1172	-1097	-1142	-1296
90	-5	-1645	-1796	-1865	-1829	-1980	-2002	-2000	-2051	-2045	-1935	-2053	-2068	-2015	-2037	-2131	-2123	-1264	-1321	-1232	-1017	-898	-940	-1184	-1117	-886	-899	-1244	-1626	-1659	-1388	-1449	-1512	-1489	-1359	-1243	-1312	-1621	-1951	-1851	-2135	-2241	-2300	-2258	-2171	-2121	-2212	-2232	-2144	-2059	-2159	-2373
90	-10	-1701	-1827	-1929	-1873	-1972	-2070	-2078	-2136	-2104	-2053	-2171	-2199	-2141	-2108	-2185	-2171	-1297	-1376	-1276	-1048	-926	-956	-1308	-1178	-957	-911	-1303	-1714	-1698	-1453	-1517	-1560	-1514	-1375	-1284	-1362	-1663	-2006	-1923	-2171	-2333	-2402	-2308	-2251	-2239	-2286	-2293	-2211	-2083	-2171	-2493
90	-15	-1617	-1813	-1895	-1871	-1962	-2143	-2153	-2192	-2165	-2059	-2202	-2226	-2154	-2161	-2280	-2275	-1347	-1409	-1311	-1022	-883	-983	-1318	-1193	-975	-954	-1284	-1707	-1722	-1493	-1562	-1620	-1550	-1397	-1315	-1343	-1670	-2008	-1998	-2202	-2393	-2399	-2339	-2282	-2254	-2326	-2295	-2248	-2127	-2243	-2432
90	-20	-1829	-1941	-2020	-1963	-2071	-2122	-2109	-2174	-2118	-2073	-2187	-2220	-2202	-2238	-2255	-2308	-1387	-1437	-1372	-1178	-977	-1023	-1407	-1329	-1075	-949	-1381	-1770	-1723	-1535	-1622	-1657	-1594	-1477	-1397	-1460	-1705	-2048	-2035	-2255	-2351	-2328	-2277	-2260	-2241	-2259	-2237	-2183	-2116	-2158	-2397
90	-25	-1867	-1994	-2056	-2019	-2143	-2172	-2178	-2190	-2187	-2095	-2221	-2254	-2251	-2236	-2316	-2339	-1440	-1538	-1438	-1209	-1121	-1136	-1496	-1349	-1142	-1059	-1455	-1843	-1894	-1630	-1729	-1750	-1730	-1585	-1486	-1616	-1945	-2305	-2200	-2512	-2668	-2713	-2633	-2624	-2588	-2708	-2720	-2636	-2564	-2667	-2898
90	-30	-1880	-2012	-2056	-2013	-2097	-2142	-2229	-2195	-2171	-2096	-2228	-2270	-2226	-2152	-2437	-2366	-1408	-1499	-1428	-1225	-1118	-1149	-1450	-1346	-1109	-1104	-1470	-1884	-1909	-1633	-1713	-1769	-1757	-1613	-1501	-1621	-1920	-2288	-2251	-2488	-2700	-2728	-2643	-2621	-2639	-2741	-2770	-2651	-2564	-2676	-2945
90	-35	-1933	-2055	-2095	-2066	-2151	-2209	-2253	-2256	-2212	-2143	-2302	-2323	-2246	-2319	-2407	-2416	-1465	-1562	-1508	-1286	-1133	-1156	-1497	-1409	-1191	-1098	-1458	-1920	-1902	-1682	-1743	-1804	-1767	-1664	-1550	-1665	-1987	-2299	-2279	-2534	-2735	-2777	-2711	-2679	-2704	-2724	-2765	-2726	-2664	-2701	-2922
90	-40	-1917	-2075	-2103	-2057	-2180	-2263	-2246	-2267	-2215	-2186	-2297	-2318	-2279	-2336	-2295	-2455	-1510	-1567	-1473	-1296	-1161	-1171	-1536	-1506	-1250	-1108	-1487	-1981	-1933	-1720	-1828	-1845	-1796	-1684	-1582	-1697	-1994	-2325	-2339	-2591	-2816	-2831	-2737	-2725	-2708	-2766	-2766	-2745	-2702	-2737	-2925
